# Charge histogram (bin size: 0.004)
1.002 0
1.006 0
1.01 0
1.014 0
1.018 0
1.022 0
1.026 0
1.03 1
1.034 0
1.038 0
1.042 0
1.046 0
1.05 0
1.054 0
1.058 0
1.062 0
1.066 0
1.07 1
1.074 1
1.078 0
1.082 0
1.086 0
1.09 0
1.094 0
1.098 0
1.102 0
1.106 0
1.11 1
1.114 0
1.118 4
1.122 1
1.126 1
1.13 2
1.134 0
1.138 2
1.142 0
1.146 3
1.15 2
1.154 3
1.158 4
1.162 2
1.166 2
1.17 3
1.174 4
1.178 5
1.182 2
1.186 6
1.19 5
1.194 2
1.198 1
1.202 9
1.206 9
1.21 4
1.214 7
1.218 5
1.222 9
1.226 2
1.23 9
1.234 15
1.238 7
1.242 11
1.246 2
1.25 11
1.254 17
1.258 13
1.262 9
1.266 13
1.27 18
1.274 13
1.278 16
1.282 12
1.286 10
1.29 10
1.294 19
1.298 18
1.302 20
1.306 19
1.31 20
1.314 20
1.318 23
1.322 26
1.326 23
1.33 40
1.334 30
1.338 40
1.342 35
1.346 39
1.35 34
1.354 52
1.358 58
1.362 63
1.366 58
1.37 90
1.374 74
1.378 83
1.382 101
1.386 106
1.39 114
1.394 107
1.398 147
1.402 133
1.406 160
1.41 181
1.414 182
1.418 195
1.422 208
1.426 215
1.43 213
1.434 215
1.438 233
1.442 242
1.446 236
1.45 259
1.454 244
1.458 252
1.462 219
1.466 231
1.47 191
1.474 224
1.478 174
1.482 169
1.486 159
1.49 141
1.494 133
1.498 107
1.502 118
1.506 80
1.51 77
1.514 64
1.518 58
1.522 37
1.526 54
1.53 27
1.534 15
1.538 26
1.542 12
1.546 11
1.55 9
1.554 5
1.558 1
1.562 4
1.566 3
1.57 3
1.574 2
1.578 2
1.582 0
1.586 1
1.59 1
1.594 0
1.598 0
1.602 0
1.606 0
1.61 0
1.614 0
1.618 0
1.622 0
1.626 0
1.63 0
1.634 0
1.638 0
1.642 0
1.646 0
1.65 0
1.654 0
1.658 0
1.662 0
1.666 0
1.67 0
1.674 0
1.678 0
1.682 0
1.686 0
1.69 0
1.694 0
1.698 0
1.702 0
1.706 0
1.71 0
1.714 0
1.718 0
1.722 0
1.726 0
1.73 0
1.734 0
1.738 0
1.742 0
1.746 0
1.75 0
1.754 0
1.758 0
1.762 0
1.766 0
1.77 0
1.774 0
1.778 0
1.782 0
1.786 0
1.79 0
1.794 0
1.798 0
