# Charge histogram (bin size: 0.004)
1.002 1
1.006 0
1.01 0
1.014 0
1.018 0
1.022 0
1.026 0
1.03 0
1.034 0
1.038 0
1.042 0
1.046 0
1.05 0
1.054 0
1.058 0
1.062 1
1.066 0
1.07 0
1.074 0
1.078 1
1.082 1
1.086 0
1.09 2
1.094 0
1.098 1
1.102 0
1.106 1
1.11 1
1.114 0
1.118 0
1.122 0
1.126 2
1.13 1
1.134 3
1.138 1
1.142 0
1.146 1
1.15 1
1.154 3
1.158 3
1.162 4
1.166 4
1.17 1
1.174 1
1.178 2
1.182 4
1.186 5
1.19 8
1.194 3
1.198 6
1.202 5
1.206 7
1.21 7
1.214 8
1.218 7
1.222 8
1.226 2
1.23 10
1.234 5
1.238 10
1.242 11
1.246 9
1.25 12
1.254 9
1.258 11
1.262 16
1.266 12
1.27 11
1.274 19
1.278 18
1.282 17
1.286 22
1.29 13
1.294 18
1.298 27
1.302 21
1.306 25
1.31 27
1.314 33
1.318 31
1.322 44
1.326 53
1.33 58
1.334 60
1.338 53
1.342 72
1.346 74
1.35 75
1.354 77
1.358 77
1.362 87
1.366 87
1.37 94
1.374 111
1.378 135
1.382 135
1.386 128
1.39 140
1.394 151
1.398 150
1.402 157
1.406 159
1.41 171
1.414 196
1.418 180
1.422 174
1.426 199
1.43 188
1.434 201
1.438 181
1.442 191
1.446 200
1.45 177
1.454 187
1.458 186
1.462 197
1.466 181
1.47 148
1.474 145
1.478 131
1.482 122
1.486 121
1.49 90
1.494 98
1.498 84
1.502 59
1.506 64
1.51 32
1.514 41
1.518 35
1.522 22
1.526 21
1.53 14
1.534 14
1.538 13
1.542 8
1.546 6
1.55 7
1.554 2
1.558 1
1.562 2
1.566 3
1.57 1
1.574 2
1.578 1
1.582 0
1.586 1
1.59 0
1.594 0
1.598 0
1.602 0
1.606 0
1.61 0
1.614 0
1.618 0
1.622 0
1.626 0
1.63 0
1.634 0
1.638 0
1.642 0
1.646 0
1.65 0
1.654 0
1.658 0
1.662 0
1.666 0
1.67 0
1.674 0
1.678 0
1.682 0
1.686 0
1.69 0
1.694 0
1.698 0
1.702 0
1.706 0
1.71 0
1.714 0
1.718 0
1.722 0
1.726 0
1.73 0
1.734 0
1.738 0
1.742 0
1.746 0
1.75 0
1.754 0
1.758 0
1.762 0
1.766 0
1.77 0
1.774 0
1.778 0
1.782 0
1.786 0
1.79 0
1.794 0
1.798 0
