# Charge histogram (bin size: 0.004)
1.002 0
1.006 0
1.01 0
1.014 0
1.018 1
1.022 0
1.026 0
1.03 0
1.034 1
1.038 1
1.042 2
1.046 2
1.05 0
1.054 0
1.058 1
1.062 1
1.066 0
1.07 0
1.074 0
1.078 0
1.082 1
1.086 0
1.09 1
1.094 1
1.098 2
1.102 0
1.106 0
1.11 1
1.114 4
1.118 0
1.122 1
1.126 0
1.13 2
1.134 0
1.138 0
1.142 3
1.146 3
1.15 2
1.154 6
1.158 3
1.162 4
1.166 1
1.17 6
1.174 3
1.178 2
1.182 4
1.186 6
1.19 3
1.194 6
1.198 3
1.202 9
1.206 9
1.21 6
1.214 8
1.218 13
1.222 11
1.226 11
1.23 8
1.234 8
1.238 14
1.242 9
1.246 12
1.25 6
1.254 15
1.258 11
1.262 17
1.266 8
1.27 17
1.274 14
1.278 22
1.282 19
1.286 29
1.29 17
1.294 23
1.298 18
1.302 29
1.306 34
1.31 45
1.314 43
1.318 39
1.322 54
1.326 51
1.33 51
1.334 59
1.338 71
1.342 76
1.346 90
1.35 98
1.354 99
1.358 105
1.362 112
1.366 89
1.37 105
1.374 148
1.378 139
1.382 127
1.386 149
1.39 133
1.394 140
1.398 152
1.402 166
1.406 133
1.41 156
1.414 159
1.418 164
1.422 157
1.426 156
1.43 155
1.434 141
1.438 128
1.442 153
1.446 124
1.45 120
1.454 142
1.458 137
1.462 120
1.466 115
1.47 114
1.474 89
1.478 74
1.482 63
1.486 81
1.49 60
1.494 64
1.498 48
1.502 53
1.506 31
1.51 19
1.514 24
1.518 21
1.522 14
1.526 10
1.53 16
1.534 4
1.538 9
1.542 2
1.546 7
1.55 3
1.554 3
1.558 3
1.562 1
1.566 2
1.57 0
1.574 0
1.578 0
1.582 0
1.586 0
1.59 0
1.594 1
1.598 1
1.602 0
1.606 0
1.61 0
1.614 0
1.618 0
1.622 0
1.626 0
1.63 0
1.634 0
1.638 0
1.642 0
1.646 0
1.65 0
1.654 0
1.658 0
1.662 0
1.666 0
1.67 0
1.674 0
1.678 0
1.682 0
1.686 0
1.69 0
1.694 0
1.698 0
1.702 0
1.706 0
1.71 0
1.714 0
1.718 0
1.722 0
1.726 0
1.73 0
1.734 0
1.738 0
1.742 0
1.746 0
1.75 0
1.754 0
1.758 0
1.762 0
1.766 0
1.77 0
1.774 0
1.778 0
1.782 0
1.786 0
1.79 0
1.794 0
1.798 0
