# Charge histogram (bin size: 0.004)
1.002 0
1.006 0
1.01 0
1.014 0
1.018 1
1.022 0
1.026 0
1.03 0
1.034 0
1.038 0
1.042 0
1.046 1
1.05 0
1.054 1
1.058 0
1.062 0
1.066 1
1.07 0
1.074 1
1.078 0
1.082 1
1.086 1
1.09 0
1.094 2
1.098 0
1.102 0
1.106 1
1.11 0
1.114 0
1.118 0
1.122 0
1.126 0
1.13 0
1.134 1
1.138 0
1.142 1
1.146 3
1.15 3
1.154 4
1.158 3
1.162 2
1.166 1
1.17 2
1.174 1
1.178 1
1.182 2
1.186 3
1.19 8
1.194 3
1.198 3
1.202 7
1.206 5
1.21 2
1.214 3
1.218 3
1.222 9
1.226 6
1.23 9
1.234 4
1.238 11
1.242 12
1.246 13
1.25 7
1.254 9
1.258 17
1.262 14
1.266 17
1.27 18
1.274 23
1.278 17
1.282 24
1.286 18
1.29 32
1.294 33
1.298 36
1.302 37
1.306 36
1.31 52
1.314 50
1.318 54
1.322 55
1.326 71
1.33 67
1.334 88
1.338 74
1.342 83
1.346 83
1.35 91
1.354 94
1.358 128
1.362 124
1.366 109
1.37 114
1.374 127
1.378 98
1.382 118
1.386 121
1.39 104
1.394 129
1.398 131
1.402 130
1.406 119
1.41 137
1.414 127
1.418 102
1.422 120
1.426 109
1.43 114
1.434 124
1.438 105
1.442 90
1.446 87
1.45 92
1.454 72
1.458 76
1.462 89
1.466 66
1.47 73
1.474 41
1.478 49
1.482 37
1.486 37
1.49 27
1.494 27
1.498 26
1.502 27
1.506 17
1.51 12
1.514 11
1.518 15
1.522 6
1.526 11
1.53 9
1.534 1
1.538 5
1.542 2
1.546 1
1.55 1
1.554 0
1.558 0
1.562 1
1.566 0
1.57 1
1.574 0
1.578 0
1.582 0
1.586 0
1.59 0
1.594 0
1.598 0
1.602 0
1.606 0
1.61 0
1.614 0
1.618 0
1.622 0
1.626 0
1.63 0
1.634 0
1.638 0
1.642 0
1.646 0
1.65 0
1.654 0
1.658 0
1.662 0
1.666 0
1.67 0
1.674 0
1.678 0
1.682 0
1.686 0
1.69 0
1.694 0
1.698 0
1.702 0
1.706 0
1.71 0
1.714 0
1.718 0
1.722 0
1.726 0
1.73 0
1.734 0
1.738 0
1.742 0
1.746 0
1.75 0
1.754 0
1.758 0
1.762 0
1.766 0
1.77 0
1.774 0
1.778 0
1.782 0
1.786 0
1.79 0
1.794 0
1.798 0
