# Charge histogram (bin size: 0.0045)
1.80225 0
1.80675 0
1.81125 0
1.81575 0
1.82025 0
1.82475 0
1.82925 0
1.83375 0
1.83825 0
1.84275 0
1.84725 0
1.85175 0
1.85625 0
1.86075 0
1.86525 0
1.86975 0
1.87425 0
1.87875 0
1.88325 0
1.88775 0
1.89225 0
1.89675 0
1.90125 0
1.90575 0
1.91025 0
1.91475 0
1.91925 0
1.92375 0
1.92825 0
1.93275 0
1.93725 0
1.94175 0
1.94625 0
1.95075 0
1.95525 0
1.95975 0
1.96425 0
1.96875 0
1.97325 0
1.97775 0
1.98225 0
1.98675 0
1.99125 0
1.99575 0
2.00025 0
2.00475 0
2.00925 0
2.01375 0
2.01825 0
2.02275 0
2.02725 0
2.03175 0
2.03625 0
2.04075 0
2.04525 0
2.04975 0
2.05425 0
2.05875 0
2.06325 0
2.06775 1
2.07225 0
2.07675 0
2.08125 0
2.08575 0
2.09025 0
2.09475 1
2.09925 1
2.10375 1
2.10825 0
2.11275 1
2.11725 0
2.12175 1
2.12625 2
2.13075 1
2.13525 1
2.13975 4
2.14425 1
2.14875 2
2.15325 2
2.15775 3
2.16225 8
2.16675 6
2.17125 7
2.17575 5
2.18025 3
2.18475 1
2.18925 6
2.19375 9
2.19825 2
2.20275 6
2.20725 9
2.21175 6
2.21625 15
2.22075 8
2.22525 8
2.22975 10
2.23425 4
2.23875 12
2.24325 11
2.24775 6
2.25225 11
2.25675 9
2.26125 6
2.26575 12
2.27025 11
2.27475 5
2.27925 7
2.28375 8
2.28825 6
2.29275 3
2.29725 5
2.30175 4
2.30625 4
2.31075 4
2.31525 7
2.31975 2
2.32425 0
2.32875 4
2.33325 2
2.33775 1
2.34225 2
2.34675 1
2.35125 1
2.35575 4
2.36025 0
2.36475 0
2.36925 0
2.37375 0
2.37825 0
2.38275 0
2.38725 1
2.39175 1
2.39625 0
2.40075 0
2.40525 0
2.40975 1
2.41425 0
2.41875 0
2.42325 0
2.42775 0
2.43225 0
2.43675 0
2.44125 0
2.44575 0
2.45025 0
2.45475 0
2.45925 0
2.46375 0
2.46825 0
2.47275 0
2.47725 0
2.48175 0
2.48625 0
2.49075 0
2.49525 0
2.49975 0
2.50425 0
2.50875 0
2.51325 0
2.51775 0
2.52225 0
2.52675 0
2.53125 0
2.53575 0
2.54025 0
2.54475 0
2.54925 0
2.55375 0
2.55825 0
2.56275 0
2.56725 0
2.57175 0
2.57625 0
2.58075 0
2.58525 0
2.58975 0
2.59425 0
2.59875 0
2.60325 0
2.60775 0
2.61225 0
2.61675 0
2.62125 0
2.62575 0
2.63025 0
2.63475 0
2.63925 0
2.64375 0
2.64825 0
2.65275 0
2.65725 0
2.66175 0
2.66625 0
2.67075 0
2.67525 0
2.67975 0
2.68425 0
2.68875 0
2.69325 0
2.69775 0
